9805
2227
9919
5835
5899
3261
4863
9700
9847
6944
2575
6429
2856
6794
8847
7279
5142
8618
4345
1677
2550
7928
3662
  21
3672
1162
3153
9310
1430
4592
1763
8942
 499
5205
4851
3560
9313
3881
9315
5888
9316
5645
5433
9007
3798
9696
6451
9110
1169
3675
1416
9922
9722
7545
3014
7519
9162
6375
  51
3976
 706
9906
7416
3712
8086
5833
7249
2117
 199
4791
4490
3545
8565
9489
2370
5950
5820
3612
7736
1775
6537
1198
2693
6314
6699
9072
9011
9462
6718
2762
7053
 889
9501
6625
7971
8439
2416
8077
4358
4294
4024
 935
4322
6855
3750
3094
2103
6532
4897
9544
2740
6108
6940
3564
2915
4085
4056
7775
1984
6188
9706
 900
3255
1689
6227
6836
8265
7277
3937
7839
6313
6310
2268
8493
3862
5479
3962
4111
 259
2945
7930
3627
1602
1858
5361
4324
2677
6149
9882
4636
6745
5626
5475
5928
6724
9856
9414
 325
6811
5969
8915
5079
5201
 802
1333
6942
 354
9223
9912
6127
5566
 143
4508
1324
9205
2845
1682
5615
6820
3158
9014
2734
3012
9068
9689
 426
 660
4591
4821
6366
5995
1064
7068
5778
5140
9369
3710
7953
2502
6737
7022
2184
 925
9800
2409
5977
4803
3452
 903
4118
9231
9685
2839
3465
9468
1850
1297
9621
3381
6780
2643
1464
8799
9311
5247
4078
7409
7553
3430
2942
4836
1791
5941
3252
 781
 972
2325
3671
4503
4963
9065
6465
7618
9080
9268
 874
9697
4023
4398
3243
6337
4198
5020
8589
  93
9802
7129
9874
3709
 658
7270
3570
5341
2875
6481
4179
 239
8828
6044
4653
3432
2060
4220
6939
 287
7347
7569
 154
2296
1617
 141
8806
 682
8582
7529
6109
1222
6934
4182
3633
9076
7996
1219
6671
4499
8593
1664
2525
3689
4954
3187
5307
4737
7885
1910
1461
 985
4631
8804
8313
3086
 545
7499
4660
9118
2978
6887
5007
3130
5093
9232
3443
4563
7301
4000
8277
5973
3216
2287
4331
1771
4711
5406
 724
1788
 531
6232
6404
8538
1605
8491
 951
2989
3858
9048
3615
9669
8008
4604
2810
1136
3033
 744
8896
8876
9852
2948
7983
3331
 688
6649
2829
9618
3146
3995
8796
6710
 715
6882
9609
1262
4762
 409
 597
3362
 950
5061
9733
1661
 635
3768
6634
8338
7847
2118
9792
1240
9380
2639
8758
 760
5016
2206
7489
1429
8935
8448
7726
9797
3606
3819
  52
9955
4062
3708
 664
6193
 861
9743
7788
6969
4582
2473
6542
4867
4280
6730
4325
7170
5661
7561
5236
5918
6517
2170
5130
2777
3594
6662
6286
 576
8486
9903
9872
2616
